6 -0.975 -4.33681e-19 0 4.33681e-19 -0.0382263
6 -0.935204 -0.0223416 -0.000488202 0.0223469 -0.0382437
6 -0.895408 -0.042418 -0.00100626 0.0424299 -0.0382701
6 -0.855612 -0.0599551 -0.00129542 0.0599691 -0.0382957
6 -0.815816 -0.0745752 -0.0011943 0.0745847 -0.038337
6 -0.77602 -0.0858383 -0.000725974 0.0858414 -0.038394
6 -0.736224 -0.0933359 2.34103e-05 0.0933359 -0.0384636
6 -0.696429 -0.0967672 0.000928743 0.0967717 -0.0385423
6 -0.656633 -0.0959768 0.00185925 0.0959948 -0.0386236
6 -0.616837 -0.090964 0.00270267 0.0910042 -0.0387025
6 -0.577041 -0.081859 0.00335547 0.0819278 -0.0387768
6 -0.537245 -0.0688668 0.0037281 0.0689677 -0.0388432
6 -0.497449 -0.0522143 0.00375631 0.0523492 -0.0388999
6 -0.457653 -0.0320955 0.00340058 0.0322752 -0.0389461
6 -0.417857 -0.00862638 0.00264609 0.00902309 -0.0389816
6 -0.378061 0.0181845 0.00150131 0.0182463 -0.0390066
6 -0.338265 0.0484444 -7.23091e-06 0.0484444 -0.0390217
6 -0.298469 0.082358 -0.00184292 0.0823786 -0.0390272
6 -0.258673 0.120182 -0.00396635 0.120248 -0.039023
6 -0.218878 0.162169 -0.00634066 0.162293 -0.0390085
6 -0.179082 0.208507 -0.00892886 0.208698 -0.0389816
6 -0.139286 0.259253 -0.0116874 0.259516 -0.0389401
6 -0.0994898 0.314273 -0.0145634 0.31461 -0.0388807
6 -0.0596939 0.373166 -0.0174912 0.373575 -0.0387986
6 -0.019898 0.4352 -0.0203901 0.435677 -0.0386873
6 0.019898 0.499262 -0.0231696 0.4998 -0.0385416
6 0.0596939 0.563869 -0.0257356 0.564456 -0.0383588
6 0.0994898 0.627233 -0.028001 0.627858 -0.0381369
6 0.139286 0.687394 -0.0298931 0.688043 -0.0378754
6 0.179082 0.742385 -0.0313575 0.743047 -0.0375754
6 0.218878 0.790412 -0.0323616 0.791074 -0.0372401
6 0.258673 0.829985 -0.0328943 0.830636 -0.0368757
6 0.298469 0.85998 -0.0329597 0.860611 -0.03649
6 0.338265 0.879639 -0.0325696 0.880242 -0.0360925
6 0.378061 0.888539 -0.0317443 0.889106 -0.0356953
6 0.417857 0.886517 -0.0305148 0.887042 -0.0353088
6 0.457653 0.873601 -0.0289142 0.874079 -0.0349404
6 0.497449 0.849983 -0.0269754 0.850411 -0.0345977
6 0.537245 0.816033 -0.0247393 0.816408 -0.0342874
6 0.577041 0.772317 -0.0222572 0.772638 -0.0340146
6 0.616837 0.719632 -0.0195905 0.719899 -0.0337832
6 0.656633 0.659017 -0.0168108 0.659231 -0.0335946
6 0.696429 0.591748 -0.013997 0.591914 -0.0334487
6 0.736224 0.519303 -0.0112313 0.519424 -0.0333437
6 0.77602 0.443305 -0.00859493 0.443388 -0.0332761
6 0.815816 0.365421 -0.00617224 0.365473 -0.0332422
6 0.855612 0.287289 -0.0040332 0.287317 -0.0332335
6 0.895408 0.210439 -0.00225825 0.210451 -0.0332483
6 0.935204 0.136259 -0.000875337 0.136262 -0.0332686
6 0.975 0.0658285 -6.51853e-05 0.0658285 -0.0333206
