6 -0.975 0 0 0 0.0649014
6 -0.935204 -0.0173301 -0.000568083 0.0173394 0.0648278
6 -0.895408 -0.0294921 -0.00158023 0.0295344 0.0646954
6 -0.855612 -0.0363611 -0.00302407 0.0364867 0.0645836
6 -0.815816 -0.0379211 -0.00475702 0.0382183 0.0644813
6 -0.77602 -0.0342564 -0.00671935 0.0349092 0.064386
6 -0.736224 -0.025534 -0.00888878 0.0270369 0.0642952
6 -0.696429 -0.011983 -0.0112614 0.0164442 0.0642083
6 -0.656633 0.00612158 -0.0138347 0.0151286 0.0641261
6 -0.616837 0.0284724 -0.0166008 0.0329585 0.0640481
6 -0.577041 0.0547408 -0.0195461 0.0581258 0.0639734
6 -0.537245 0.0845858 -0.0226502 0.0875659 0.0639002
6 -0.497449 0.117658 -0.0258856 0.120471 0.0638264
6 -0.457653 0.153598 -0.0292197 0.156352 0.0637493
6 -0.417857 0.192036 -0.0326146 0.194786 0.0636664
6 -0.378061 0.232586 -0.0360275 0.23536 0.0635747
6 -0.338265 0.274835 -0.0394115 0.277647 0.0634711
6 -0.298469 0.318338 -0.0427142 0.321191 0.0633527
6 -0.258673 0.362609 -0.0458775 0.365499 0.0632162
6 -0.218878 0.407113 -0.0488396 0.410032 0.0630574
6 -0.179082 0.451263 -0.051537 0.454196 0.0628721
6 -0.139286 0.494411 -0.0539056 0.497341 0.0626564
6 -0.0994898 0.535862 -0.055883 0.538768 0.0624071
6 -0.0596939 0.574878 -0.0574112 0.577738 0.0621218
6 -0.019898 0.610704 -0.0584406 0.613494 0.0617991
6 0.019898 0.642586 -0.0589317 0.645283 0.0614393
6 0.0596939 0.669808 -0.0588583 0.672389 0.0610437
6 0.0994898 0.691716 -0.0582092 0.694161 0.0606153
6 0.139286 0.707751 -0.0569882 0.710042 0.0601586
6 0.179082 0.717472 -0.055215 0.719594 0.0596788
6 0.218878 0.720579 -0.0529251 0.72252 0.059182
6 0.258673 0.716925 -0.0501697 0.718678 0.0586759
6 0.298469 0.706523 -0.0470127 0.708085 0.0581722
6 0.338265 0.689543 -0.0435216 0.690915 0.0576837
6 0.378061 0.666316 -0.0397688 0.667502 0.0572195
6 0.417857 0.637316 -0.0358358 0.638323 0.0567863
6 0.457653 0.603143 -0.0318085 0.603981 0.0563894
6 0.497449 0.564498 -0.0277733 0.56518 0.0560322
6 0.537245 0.522162 -0.0238138 0.522705 0.0557163
6 0.577041 0.476967 -0.0200082 0.477387 0.0554413
6 0.616837 0.429765 -0.0164265 0.430079 0.0552054
6 0.656633 0.381396 -0.0131287 0.381622 0.0550055
6 0.696429 0.332666 -0.0101627 0.332821 0.0548377
6 0.736224 0.284317 -0.00756361 0.284418 0.0546977
6 0.77602 0.237014 -0.00535306 0.237074 0.0545811
6 0.815816 0.191324 -0.00353942 0.191356 0.0544838
6 0.855612 0.147715 -0.00211877 0.14773 0.0544019
6 0.895408 0.106552 -0.00107464 0.106557 0.0543329
6 0.935204 0.0681041 -0.000377183 0.0681051 0.0542755
6 0.975 0.0325485 -3.53542e-05 0.0325485 0.0542122
