5 -0.975 -4.33681e-19 1.05879e-22 4.33681e-19 0.0406496
5 -0.935204 -0.0249348 -3.47661e-06 0.0249348 0.0406448
5 -0.895408 -0.0444042 -6.59686e-05 0.0444042 0.0406291
5 -0.855612 -0.0584686 -0.000248755 0.0584692 0.0406007
5 -0.815816 -0.0672103 -0.00060798 0.067213 0.0405596
5 -0.77602 -0.0707415 -0.00119164 0.0707515 0.0405056
5 -0.736224 -0.0692082 -0.00204077 0.0692383 0.0404394
5 -0.696429 -0.0627877 -0.00318915 0.0628686 0.0403628
5 -0.656633 -0.0516833 -0.00466316 0.0518933 0.0402783
5 -0.616837 -0.0361169 -0.00648237 0.036694 0.0401889
5 -0.577041 -0.0163204 -0.00865936 0.0184754 0.0400985
5 -0.537245 0.00747207 -0.0111981 0.0134622 0.0400113
5 -0.497449 0.0350309 -0.0140943 0.03776 0.0399308
5 -0.457653 0.066136 -0.0173361 0.0683704 0.0398606
5 -0.417857 0.100577 -0.0209035 0.102727 0.0398034
5 -0.378061 0.138151 -0.024766 0.140353 0.0397616
5 -0.338265 0.178649 -0.0288797 0.180969 0.0397379
5 -0.298469 0.221847 -0.0331895 0.224316 0.0397322
5 -0.258673 0.267476 -0.0376344 0.270111 0.0397431
5 -0.218878 0.315193 -0.0421387 0.317998 0.0397713
5 -0.179082 0.364559 -0.0466083 0.367526 0.0398165
5 -0.139286 0.415016 -0.0509389 0.41813 0.0398765
5 -0.0994898 0.465875 -0.0550214 0.469113 0.0399494
5 -0.0596939 0.516309 -0.0587435 0.51964 0.040033
5 -0.019898 0.565363 -0.0619955 0.568752 0.0401247
5 0.019898 0.611986 -0.0646766 0.615394 0.0402218
5 0.0596939 0.65508 -0.0667004 0.658467 0.0403213
5 0.0994898 0.693549 -0.0680005 0.696875 0.04042
5 0.139286 0.726365 -0.0685341 0.729591 0.0405147
5 0.179082 0.752617 -0.0682816 0.755708 0.0406029
5 0.218878 0.771552 -0.0672464 0.774477 0.0406818
5 0.258673 0.782609 -0.0654528 0.785341 0.0407485
5 0.298469 0.78543 -0.062945 0.787948 0.0408012
5 0.338265 0.779871 -0.059785 0.782159 0.040838
5 0.378061 0.765994 -0.05605 0.768042 0.0408583
5 0.417857 0.744056 -0.0518282 0.745859 0.0408621
5 0.457653 0.714503 -0.0472175 0.716062 0.0408489
5 0.497449 0.677953 -0.042326 0.679273 0.0408183
5 0.537245 0.635186 -0.0372709 0.636278 0.0407714
5 0.577041 0.587121 -0.0321753 0.588002 0.0407107
5 0.616837 0.534787 -0.027161 0.535476 0.0406388
5 0.656633 0.47928 -0.022342 0.4798 0.0405577
5 0.696429 0.42172 -0.0178218 0.422097 0.0404693
5 0.736224 0.36321 -0.0136906 0.363468 0.0403753
5 0.77602 0.304792 -0.0100225 0.304957 0.0402778
5 0.815816 0.247415 -0.0068735 0.24751 0.0401783
5 0.855612 0.191904 -0.00428259 0.191952 0.0400779
5 0.895408 0.138945 -0.00227341 0.138964 0.0399776
5 0.935204 0.0890757 -0.000844044 0.0890797 0.0398822
5 0.975 0.0426665 -9.49443e-05 0.0426666 0.0397505
