4 -0.975 0 0 0 0
4 -0.936 6.9306e-310 0 0 0
4 -0.897 0 0 0 0
4 -0.858 1.082e-321 0 0 0
4 -0.819 6.9306e-310 0 0 0
4 -0.78 6.9306e-310 0 0 0
4 -0.741 6.9306e-310 0 0 0
4 -0.702 6.9306e-310 0 0 0
4 -0.663 1.082e-321 0 0 0
4 -0.624 6.9306e-310 0 0 0
4 -0.585 6.9306e-310 0 0 0
4 -0.546 6.95321e-310 6.9306e-310 0 0
4 -0.507 6.95321e-310 0 0 0
4 -0.468 6.9306e-310 0 0 0
4 -0.429 0 0 0 0
4 -0.39 6.9306e-310 0 0 0
4 -0.351 6.9306e-310 0.975 0 0
4 -0.312 6.95321e-310 6.9306e-310 0 0
4 -0.273 1.40365e-314 0 0 0
4 -0.234 2.1932e-316 6.95321e-310 0 0
4 -0.195 2.47033e-322 6.95321e-310 0 0
4 -0.156 6.95321e-310 4.42189e-321 0 0
4 -0.117 6.9306e-310 4.36463e-317 0 0
4 -0.078 6.95321e-310 -5.67252e+277 0 0
4 -0.039 6.95321e-310 2.61855e-322 0 0
4 0 6.9306e-310 3.16202e-322 0 0
4 0.039 0 -1.02064e-202 0 0
4 0.078 2.96439e-323 1.97626e-323 0 0
4 0.117 2.61361e-321 6.95321e-310 0 0
4 0.156 0 6.9306e-310 0 0
4 0.195 6.9306e-310 6.95321e-310 0 0
4 0.234 6.9306e-310 6.95321e-310 0 0
4 0.273 6.95321e-310 0 0 0
4 0.312 6.9306e-310 6.93044e-310 0 0
4 0.351 4.94066e-324 0 0 0
4 0.39 0 0 0 0
4 0.429 6.95321e-310 4.36463e-317 0 0
4 0.468 6.9306e-310 0 0 0
4 0.507 4.94066e-324 0 0 0
4 0.546 6.9306e-310 0 0 0
4 0.585 4.94066e-324 0 0 0
4 0.624 6.9306e-310 0 0 0
4 0.663 4.94066e-324 4.33889e-308 0 0
4 0.702 1.45799e-320 0 0 0
4 0.741 6.9306e-310 4.94066e-324 0 0
4 0.78 6.9306e-310 0 0 0
4 0.819 6.9306e-310 -3.57986e+249 0 0
4 0.858 6.9306e-310 0 0 0
4 0.897 1.45799e-320 0 0 0
4 0.936 6.9306e-310 0 0 0
4 0.975 6.9306e-310 0 0 0
