0 0.5 0 0 0 0.00720837
0.01 0.5 -0.000261258 0.0228011 0.0228026 0.0071274
0.02 0.5 -0.000815932 0.0435984 0.043606 0.00697181
0.03 0.5 -0.00174168 0.0624919 0.0625162 0.00682207
0.04 0.5 -0.00301611 0.0795885 0.0796456 0.00666928
0.05 0.5 -0.00462058 0.0950017 0.095114 0.00650875
0.06 0.5 -0.00653426 0.108849 0.109045 0.00633523
0.07 0.5 -0.0087347 0.121252 0.121566 0.00614346
0.08 0.5 -0.0111982 0.13233 0.132803 0.00592836
0.09 0.5 -0.0139001 0.142203 0.142881 0.00568517
0.1 0.5 -0.0168155 0.150985 0.151919 0.0054095
0.11 0.5 -0.0199196 0.158785 0.16003 0.00509737
0.12 0.5 -0.0231881 0.165705 0.16732 0.00474522
0.13 0.5 -0.0265973 0.171837 0.173884 0.00434992
0.14 0.5 -0.0301251 0.177264 0.179806 0.00390872
0.15 0.5 -0.0337503 0.182057 0.185159 0.00341922
0.16 0.5 -0.0374535 0.186279 0.190007 0.00287939
0.17 0.5 -0.0412167 0.189981 0.1944 0.00228751
0.18 0.5 -0.0450234 0.193202 0.198379 0.00164217
0.19 0.5 -0.0488588 0.195976 0.201974 0.000942266
0.2 0.5 -0.0527093 0.198324 0.205209 0.000186992
0.21 0.5 -0.0565627 0.200263 0.208098 -0.000624131
0.22 0.5 -0.0604081 0.201802 0.210649 -0.00149126
0.23 0.5 -0.0642358 0.202944 0.212867 -0.00241421
0.24 0.5 -0.0680369 0.203689 0.214751 -0.00339241
0.25 0.5 -0.0718035 0.204033 0.216299 -0.00442493
0.26 0.5 -0.0755285 0.203971 0.217505 -0.00551039
0.27 0.5 -0.0792057 0.203494 0.218365 -0.00664702
0.28 0.5 -0.0828293 0.202596 0.218874 -0.00783258
0.29 0.5 -0.0863942 0.201268 0.219026 -0.00906437
0.3 0.5 -0.0898962 0.199502 0.21882 -0.0103392
0.31 0.5 -0.0933313 0.197292 0.218254 -0.0116536
0.32 0.5 -0.0966963 0.194632 0.217329 -0.0130033
0.33 0.5 -0.0999887 0.19152 0.21605 -0.0143838
0.34 0.5 -0.103206 0.187952 0.214424 -0.0157902
0.35 0.5 -0.106348 0.18393 0.212462 -0.0172172
0.36 0.5 -0.109413 0.179453 0.210178 -0.0186591
0.37 0.5 -0.112401 0.174527 0.20759 -0.0201097
0.38 0.5 -0.115313 0.169157 0.204722 -0.0215629
0.39 0.5 -0.118151 0.163349 0.2016 -0.0230121
0.4 0.5 -0.120916 0.157114 0.198256 -0.0244505
0.41 0.5 -0.123612 0.150462 0.194727 -0.0258715
0.42 0.5 -0.126242 0.143404 0.191054 -0.0272679
0.43 0.5 -0.12881 0.135953 0.187284 -0.0286331
0.44 0.5 -0.131322 0.128123 0.18347 -0.02996
0.45 0.5 -0.133783 0.11993 0.179669 -0.031242
0.46 0.5 -0.1362 0.111387 0.175947 -0.0324725
0.47 0.5 -0.138579 0.102509 0.172373 -0.0336449
0.48 0.5 -0.140928 0.0933118 0.16902 -0.0347532
0.49 0.5 -0.143254 0.0838089 0.165969 -0.0357913
0.5 0.5 -0.145565 0.0740139 0.163301 -0.0367535
0.51 0.5 -0.14787 0.0639394 0.161102 -0.0376346
0.52 0.5 -0.150177 0.0535964 0.159454 -0.0384293
0.53 0.5 -0.152493 0.0429947 0.158438 -0.039133
0.54 0.5 -0.154827 0.0321425 0.158128 -0.0397411
0.55 0.5 -0.157186 0.021046 0.158589 -0.0402494
0.56 0.5 -0.159577 0.00970948 0.159872 -0.040654
0.57 0.5 -0.162005 -0.00186492 0.162015 -0.0409505
0.58 0.5 -0.164473 -0.013677 0.165041 -0.0411358
0.59 0.5 -0.166985 -0.0257281 0.168956 -0.0412073
0.6 0.5 -0.169543 -0.0380214 0.173754 -0.0411616
0.61 0.5 -0.172146 -0.0505609 0.179417 -0.0409961
0.62 0.5 -0.174788 -0.0633515 0.185915 -0.040708
0.63 0.5 -0.177463 -0.0763981 0.193209 -0.0402947
0.64 0.5 -0.180158 -0.0897047 0.201256 -0.0397541
0.65 0.5 -0.182857 -0.103273 0.210004 -0.0390839
0.66 0.5 -0.185537 -0.117102 0.219401 -0.0382823
0.67 0.5 -0.188171 -0.131184 0.229385 -0.0373478
0.68 0.5 -0.190722 -0.145505 0.239889 -0.0362793
0.69 0.5 -0.193148 -0.160043 0.250839 -0.0350765
0.7 0.5 -0.195398 -0.174762 0.262149 -0.0337398
0.71 0.5 -0.197409 -0.189611 0.27372 -0.0322706
0.72 0.5 -0.199113 -0.204522 0.285439 -0.0306718
0.73 0.5 -0.200429 -0.219405 0.297171 -0.0289479
0.74 0.5 -0.20127 -0.234146 0.308762 -0.0271055
0.75 0.5 -0.201538 -0.248601 0.320031 -0.0251538
0.76 0.5 -0.201129 -0.262599 0.330774 -0.0231049
0.77 0.5 -0.199937 -0.275936 0.340757 -0.020974
0.78 0.5 -0.197851 -0.288374 0.34972 -0.0187801
0.79 0.5 -0.194766 -0.299646 0.357381 -0.016546
0.8 0.5 -0.190584 -0.309457 0.363436 -0.0142984
0.81 0.5 -0.185224 -0.317492 0.367572 -0.0120675
0.82 0.5 -0.178625 -0.323424 0.369473 -0.00988686
0.83 0.5 -0.170756 -0.326928 0.368836 -0.00779217
0.84 0.5 -0.161623 -0.327697 0.365387 -0.00582023
0.85 0.5 -0.151277 -0.325459 0.358898 -0.00400732
0.86 0.5 -0.139815 -0.319997 0.349208 -0.00238734
0.87 0.5 -0.127389 -0.311173 0.336239 -0.000989836
0.88 0.5 -0.114199 -0.298939 0.320009 0.000162005
0.89 0.5 -0.100493 -0.283354 0.300646 0.00105302
0.9 0.5 -0.0865565 -0.264592 0.27839 0.00167732
0.91 0.5 -0.0727036 -0.242939 0.253585 0.00203882
0.92 0.5 -0.0592597 -0.218786 0.226669 0.00215099
0.93 0.5 -0.0465486 -0.192611 0.198156 0.00203579
0.94 0.5 -0.0348776 -0.164959 0.168606 0.00172185
0.95 0.5 -0.0245242 -0.136414 0.138601 0.00124213
0.96 0.5 -0.0157274 -0.107567 0.108711 0.000631313
0.97 0.5 -0.00868295 -0.0789967 0.0794724 -7.78132e-05
0.98 0.5 -0.00352388 -0.0512365 0.0513576 -0.000839872
0.99 0.5 -0.000667962 -0.0247476 0.0247566 -0.00190675
1 0.5 0 0 0 -0.00258687
